sample_id,turn,img_idxes,image_files,question,answer
24,1,0;1,/fs/nexus-scratch/byan1/MMDU-main/_mmdu_pics/mmdu_pics/Bk7v_EzxK0zil-c78EYM_1.jpg;/fs/nexus-scratch/byan1/MMDU-main/_mmdu_pics/mmdu_pics/Bk7v_FrxK0zil-c78Eb6_1.jpg,Image1: <ImageHere>. Image2: <ImageHere>. Describe the main food items being prepared in Image1 and Image2.,image1 is spaghetti and image2 is sauce image1 spaghetti sauce pan hand chef cooking noodles pasta red pink meat tomato chicken vegetables eggplant green yellow orange brown white black dark light cream milk butter oil water wine beer alcohol vinegar mustard pickle cucumber pepper garlic onion olive oil balsamic vinegar ketchup d [TRUNCATED?]
24,2,0;1,/fs/nexus-scratch/byan1/MMDU-main/_mmdu_pics/mmdu_pics/Bk7v_EzxK0zil-c78EYM_1.jpg;/fs/nexus-scratch/byan1/MMDU-main/_mmdu_pics/mmdu_pics/Bk7v_FrxK0zil-c78Eb6_1.jpg,Compare the cooking techniques shown in Image1 and Image2.,Image 1 shows a pan of spaghetti with sauce on top and a ladle of sauce in the pan Image 2 shows pasta being cooked in a pot of water image 1 spaghetti with tomato sauce pan of pasta with spaghetti sauce over it ladle of tomato spaghetti water in pot pot of boiling water with pasta in it
24,3,0;1,/fs/nexus-scratch/byan1/MMDU-main/_mmdu_pics/mmdu_pics/Bk7v_EzxK0zil-c78EYM_1.jpg;/fs/nexus-scratch/byan1/MMDU-main/_mmdu_pics/mmdu_pics/Bk7v_FrxK0zil-c78Eb6_1.jpg,What types of emotions might the food items in Image1 and Image2 evoke in people who enjoy these dishes?,Image 1 is a picture of spaghetti with tomato sauce and cheese on top Image 2 is of a bowl of pasta with a spoonful of tomato soup image 1 Image 2 spaghetti tomato soup
24,4,0;1,/fs/nexus-scratch/byan1/MMDU-main/_mmdu_pics/mmdu_pics/Bk7v_EzxK0zil-c78EYM_1.jpg;/fs/nexus-scratch/byan1/MMDU-main/_mmdu_pics/mmdu_pics/Bk7v_FrxK0zil-c78Eb6_1.jpg,Discuss the cultural significance of the foods shown in Image1 and Image2.,"Image 1 shows a dish of spaghetti with tomato sauce and red pepper flakes, and is typical of Italian cuisine Image 2 shows an omelet with tomatoes and green peppers, which is common in Mexican cuisine Image 1 is spaghetti and tomato Sauce Image 3 is an egg omellete Image 4 is a plate of pasta Image 5 is tomato paste Image 6 is red peppers Image 7 is garlic Image 8 is basil Image 9 is oregano Image 10 is parsley Image 11 is salt Image 12 is pepper Image 13 is olive oil Image 14 is vinegar Image 15 is parmesan cheese Image 16 is mozzarella cheese image 1 image 2 [TRUNCATED?]"
24,5,0;1,/fs/nexus-scratch/byan1/MMDU-main/_mmdu_pics/mmdu_pics/Bk7v_EzxK0zil-c78EYM_1.jpg;/fs/nexus-scratch/byan1/MMDU-main/_mmdu_pics/mmdu_pics/Bk7v_FrxK0zil-c78Eb6_1.jpg,How might the preparation methods in Image1 and Image2 reflect the different culinary traditions they belong to?,"Image 1 is a traditional Italian pasta dish, while Image 2 is an American spaghetti dish Image 1 image 1 of 2 spaghetti with tomato sauce a traditional italian pasta recipe [TRUNCATED?]"
24,6,0;1,/fs/nexus-scratch/byan1/MMDU-main/_mmdu_pics/mmdu_pics/Bk7v_EzxK0zil-c78EYM_1.jpg;/fs/nexus-scratch/byan1/MMDU-main/_mmdu_pics/mmdu_pics/Bk7v_FrxK0zil-c78Eb6_1.jpg,What could be the symbolic meanings of the food items in Image1 and Image2 in the context of their respective culinary cultures?,"Image 1 is a picture of spaghetti and meatballs, while Image 2 is of a bowl of pasta with sauce. [TRUNCATED?]"
24,7,0;1,/fs/nexus-scratch/byan1/MMDU-main/_mmdu_pics/mmdu_pics/Bk7v_EzxK0zil-c78EYM_1.jpg;/fs/nexus-scratch/byan1/MMDU-main/_mmdu_pics/mmdu_pics/Bk7v_FrxK0zil-c78Eb6_1.jpg,Analyze the relationship between the main ingredients and the cooking utensils used in the preparation of dishes in Image1 and Image2.,"Image 1 shows a pan with spaghetti and tomato sauce, and a spatula to stir it Image 2 shows the same pan but with a fork to help stir the spaghetti image 1 spaghetti and sauce pan with spatulas fork Image 2 Spaghetti with tomato and butter Pan with forks Answer in 1 sentence The pan in image 1 is used for cooking spaghetti, while the pan used to cook the sauce is different Both pans have spatulas They are used differently You can use either pan for both tasks Use both pans for spaghetti cooking use only one pan to make sauce and [TRUNCATED?]"
24,8,0;1,/fs/nexus-scratch/byan1/MMDU-main/_mmdu_pics/mmdu_pics/Bk7v_EzxK0zil-c78EYM_1.jpg;/fs/nexus-scratch/byan1/MMDU-main/_mmdu_pics/mmdu_pics/Bk7v_FrxK0zil-c78Eb6_1.jpg,What kind of atmosphere or setting do you think would be suitable for enjoying the dishes shown in Image1 and Image2?,"Image 1 is a rustic, homey setting with a wood stove and a table with chairs."
24,9,0;1,/fs/nexus-scratch/byan1/MMDU-main/_mmdu_pics/mmdu_pics/Bk7v_EzxK0zil-c78EYM_1.jpg;/fs/nexus-scratch/byan1/MMDU-main/_mmdu_pics/mmdu_pics/Bk7v_FrxK0zil-c78Eb6_1.jpg,What are some possible health considerations when consuming the dishes shown in Image1 and Image2?,Image 1 is a spaghetti dish with tomato sauce.
24,10,0;1,/fs/nexus-scratch/byan1/MMDU-main/_mmdu_pics/mmdu_pics/Bk7v_EzxK0zil-c78EYM_1.jpg;/fs/nexus-scratch/byan1/MMDU-main/_mmdu_pics/mmdu_pics/Bk7v_FrxK0zil-c78Eb6_1.jpg,Identify some common activities or celebrations where foods from Image1 and Image2 might be served.,"a pasta party, a spaghetti dinner, an Italian feast, and a pizza party Image 1 image 1 - spaghetti with meat sauce spaghetti with tomato sauce and meatballs pasta with red sauce, meat balls, mushrooms, onions, garlic, basil, oregano, parsley, salt, pepper, olive oil, parmesan cheese italian food Italian food recipes recipes for spaghetti how to cook spaghetti sauce in a pot cook spaghetti in water make spaghetti from scratch homemade spaghetti recipe recipe for homemade spaghetti noodles making spaghetti at home what is spaghetti? [TRUNCATED?]"
